1.1531431724840948 0.759431427111244 0.5203916336231463 0.3079475979756505 0.8714536287785163 0.804346979442173 105.83336540083745 0.8714536287785163 0.804346979442173 
1.1531516759341691 1.12279249776715 0.8573879294470469 0.14553458371314548 1.0596190342604979 0.9500047753950339 134.15286925286316 1.0596190342604979 0.9500047753950339 
1.2019769699919132 0.824959651807369 -0.29820965887314205 0.12997097424541712 0.9082728950086362 -0.6680986107016101 157.80576208964223 0.9082728950086362 -0.6680986107016101 
0.4108817640013815 0.649383327632111 0.8265982197552056 0.1730934043877995 0.8058432401106999 0.938493974306354 191.23464711108545 0.8058432401106999 0.938493974306354 
0.7345331688333951 0.5291382646397509 0.6450008630014376 0.24852302949840588 0.7274189058855639 0.8640126451166416 76.28173590983788 0.7274189058855639 0.8640126451166416 
1.48899747181546 0.81361007495241 -0.3719979071335534 0.15171353709325394 0.9020033674839635 -0.719195286082408 124.17647173494471 0.9020033674839635 -0.719195286082408 
0.8855121879842021 0.5328092909949067 0.652486087193266 0.2191817953779057 0.7299378679003485 0.8673420828660203 123.29202592015521 0.7299378679003485 0.8673420828660203 
0.6092397095241889 0.7533518931622297 0.9516054079455446 0.16422030191970072 0.8679584628092692 0.9836010125687543 121.06079285314276 0.8679584628092692 0.9836010125687543 
1.5794195355654745 1.1069744909708603 -0.6794822390059667 0.09487916345199848 1.0521285524929263 -0.8791426908106876 103.56001499807137 1.0521285524929263 -0.8791426908106876 
1.028880921745883 0.6125967400962651 0.6754107018342538 0.10372536354416943 0.7826855946651025 0.8773831964223019 156.53014558870007 0.7826855946651025 0.8773831964223019 
1.1032210660281099 0.9472796426797458 0.5697860715544929 0.12007697855391576 0.9732829201623472 0.8290306928775489 185.23450511255152 0.9732829201623472 0.8290306928775489 
1.1950847132223115 1.1425332317046977 0.7188480986538528 0.12972009752555572 1.0688934613443464 0.8958027186157724 168.57090654678046 1.0688934613443464 0.8958027186157724 
1.0744225672941188 0.6797571680992548 0.4162468468572474 0.14251847136378554 0.8244738735091942 0.7466498557976775 132.5673092600625 0.8244738735091942 0.7466498557976775 
0.6348321868015752 0.7987558737196586 0.9410742379460024 0.2325145055280824 0.8937314326572936 0.979959125723377 105.29070175438248 0.8937314326572936 0.979959125723377 
0.821705889389379 0.483191414205322 0.4890223943285301 0.2033503514024924 0.6951197121398026 0.7878488689999167 122.21690386344576 0.6951197121398026 0.7878488689999167 
1.393485695551838 0.41342869838002516 -0.36207593871155597 0.4324378398902549 0.6429842131654752 -0.7127434284416048 105.38007940480838 0.6429842131654752 -0.7127434284416048 
1.2007823074682726 0.7129679276156533 0.47078160751002146 0.2988340938031351 0.8443742817114063 0.7779287627328222 109.65264230768229 0.8443742817114063 0.7779287627328222 
1.285147109438281 0.9780801522674741 -0.47368779270333267 0.07684098906621722 0.9889793487568252 -0.7795262259308045 217.2833786666875 0.9889793487568252 -0.7795262259308045 
1.6190449235274724 1.0010225286324157 -0.8025618015336611 0.2557812241926089 1.0005111336873846 -0.9293076133431967 125.63940922937333 1.0005111336873846 -0.9293076133431967 
0.5544366744587986 0.8485589659575496 1.1120768047095775 0.20392978923800123 0.921172603781479 1.0360441452164237 128.03894457392528 0.921172603781479 1.0360441452164237 
0.9209509023354888 0.7498444941990192 0.7563797646554554 0.1837336083857825 0.8659356178140608 0.9111292042773921 154.65849552437422 0.8659356178140608 0.9111292042773921 
0.847543002795787 0.8360449288901779 0.862651333859743 0.170923669192607 0.9143549250100739 0.9519448004046076 139.84064550264455 0.9143549250100739 0.9519448004046076 
1.001467853909679 0.520708862751915 -0.25519036688688684 0.1851857026292865 0.7216015955857602 -0.6342903323890554 130.43982468698306 0.7216015955857602 -0.6342903323890554 
0.6938754738465504 0.622250942816014 0.7213007994815607 0.18110242696388654 0.7888288425355744 0.8968203846718145 120.96831388889865 0.7888288425355744 0.8968203846718145 
0.5925300552650908 0.45162351251778504 0.5400129913633297 0.14289772676178913 0.672029398551719 0.8143318152937858 126.12328806809593 0.672029398551719 0.8143318152937858 
0.7625226647457343 1.0451888072154472 1.135059881217143 0.09772433901767039 1.0223447594698412 1.0431327754901725 162.1835327291147 1.0223447594698412 1.0431327754901725 
1.582105649226127 1.0469124903222173 -0.3198108497465275 0.2192102528890061 1.0231874170073718 -0.6838555844485854 142.03625992641793 1.0231874170073718 -0.6838555844485854 
0.6527216125102037 0.523031024459897 0.6087943095263583 0.19985372362765527 0.7232088387595225 0.8475334768183118 87.99374606919999 0.7232088387595225 0.8475334768183118 
0.7909472203399188 0.5614580044495819 0.6201383228088044 0.4262172109867024 0.7493050142963024 0.8527653065815344 126.53617244414966 0.7493050142963024 0.8527653065815344 
1.063940855661144 0.800390223619865 0.5783436415911528 0.138132104256963 0.8946453060402569 0.8331604676627403 134.03965565563132 0.8946453060402569 0.8331604676627403 
